3,2
3,1
3,3
10,253
10,145
10,151
10,73
10,15
10,201
10,107
10,1
10,215
10,2
10,3
11,9
11,19
11,27
11,21
11,23
11,17
11,1
11,5
11,2
11,3
9,7
9,1
9,5
9,2
9,3
8,8
8,12
8,15
8,13
8,9
8,1
8,14
8,2
8,3
12,2
12,1
12,3
20,2
20,1
20,3
19,2
19,1
19,3
71,5
71,4
71,3
18,1
71,2
71,1
18,3
71,0
68,4
68,3
68,2
68,1
68,0
66,3
14,1
66,2
66,1
14,3
66,0
65,5
65,4
65,3
13,1
65,2
65,1
13,3
65,0
64,4
64,3
64,2
64,1
64,0
63,4
63,3
63,2
63,1
63,0
62,4
62,3
62,2
62,1
62,0
61,3
61,2
61,1
2,2
2,1
61,0
0,278
0,273
0,270
0,9
2,3
0,0
72,34
72,33
72,32
72,31
72,30
